[0.9387254901960785, 1.0, 0.9791666666666666, 1.0]
[0.9743589743589745, 1.0, 0.9791666666666666, 1.0]
[0.9558404558404558, 1.0, 0.9791666666666666, 0.9824561403508771]
[0.9743589743589745, 1.0, 0.9791666666666666, 1.0]
[0.931781045751634, 1.0, 0.9595588235294118, 1.0]
[1.0, 1.0, 0.9791666666666666, 1.0]
[0.9743589743589745, 1.0, 0.9607843137254902, 1.0]
[0.9743589743589745, 1.0, 0.9607843137254902, 1.0]
[0.9535256410256411, 1.0, 0.9791666666666666, 0.9392712550607287]
[0.9666666666666667, 1.0, 0.9791666666666666, 1.0]
