[0.9407407407407407, 1.0, 0.9803921568627452, 1.0]
[0.9814814814814815, 1.0, 0.9803921568627452, 1.0]
[0.9592592592592593, 1.0, 0.9803921568627452, 0.9761904761904763]
[0.9814814814814815, 1.0, 0.9803921568627452, 1.0]
[0.9351851851851851, 1.0, 0.9526143790849674, 1.0]
[1.0, 1.0, 0.9803921568627452, 1.0]
[0.9814814814814815, 1.0, 0.9607843137254902, 1.0]
[0.9814814814814815, 1.0, 0.9607843137254902, 1.0]
[0.9629629629629629, 1.0, 0.9803921568627452, 0.9338624338624338]
[0.9500000000000001, 1.0, 0.9803921568627452, 1.0]
