[0.9334562211981566, 1.0, 0.9772949435706034, 1.0]
[0.9779047619047617, 1.0, 0.9772949435706034, 1.0]
[0.955616858237548, 1.0, 0.9772949435706034, 0.9771589771589771]
[0.9779047619047617, 1.0, 0.9772949435706034, 1.0]
[0.9327393753200204, 1.0, 0.9544179523141655, 1.0]
[1.0, 1.0, 0.9772949435706034, 1.0]
[0.9779047619047617, 1.0, 0.9545454545454546, 1.0]
[0.9779047619047617, 1.0, 0.9545454545454546, 1.0]
[0.9550512333965844, 1.0, 0.9772949435706034, 0.9314458514458515]
[0.9558589126489386, 1.0, 0.9772949435706034, 1.0]
