[0.9391705069124424, 1.0, 0.9791463017269469, 1.0]
[0.9771428571428572, 1.0, 0.9791463017269469, 1.0]
[0.9566538952745849, 1.0, 0.9791463017269469, 0.9786453119786453]
[0.9771428571428572, 1.0, 0.9791463017269469, 1.0]
[0.9328981054787505, 1.0, 0.9551467150675137, 1.0]
[1.0, 1.0, 0.9791463017269469, 1.0]
[0.9771428571428572, 1.0, 0.9583333333333334, 1.0]
[0.9771428571428572, 1.0, 0.9583333333333334, 1.0]
[0.9563061353573689, 1.0, 0.9791463017269469, 0.9339986139986141]
[0.9564691338541257, 1.0, 0.9791463017269469, 1.0]
