[0.9333333333333333, 1.0, 0.9772727272727273, 1.0]
[0.9777777777777777, 1.0, 0.9772727272727273, 1.0]
[0.9555555555555556, 1.0, 0.9772727272727273, 0.9772727272727273]
[0.9777777777777777, 1.0, 0.9772727272727273, 1.0]
[0.9333333333333333, 1.0, 0.9545454545454546, 1.0]
[1.0, 1.0, 0.9772727272727273, 1.0]
[0.9777777777777777, 1.0, 0.9545454545454546, 1.0]
[0.9777777777777777, 1.0, 0.9545454545454546, 1.0]
[0.9555555555555556, 1.0, 0.9772727272727273, 0.9318181818181818]
[0.9555555555555556, 1.0, 0.9772727272727273, 1.0]
